17518
17585
17954
17743
17396
17793
17767
17574
17749
17687
17586
17848
17874
17629
17765
17370
17621
17664
17661
17440
17425
17639
17764
17709
17491
17395
17431
17502
17509
17598
17745
17541
17616
17528
17688
17608
17693
17727
17620
17569
17517
17605
17491
17790
17509
17616
17620
17785
17710
17764
17708
17791
17585
17594
17656
17592
17557
17565
17600
17652
17497
17535
17645
17581
17514
17611
17473
17622
17768
17607
17585
17880
17254
17521
17466
17614
17643
17867
17716
17647
17493
17688
17367
17382
17647
17642
17724
17405
17647
17590
17639
17788
17572
17804
17346
17725
17549
17437
17547
17713
17626
17649
17529
17529
17459
17679
17453
17871
17445
17693
17593
17734
17468
17650
17574
17633
17495
17593
17618
17558
17447
17685
17635
17480
17411
17818
17541
17483
17522
17484
17568
17527
17405
17472
17466
17518
17717
17614
17516
17202
17677
17774
17567
17699
17750
17470
17690
17612
17469
17616
17447
17700
17509
17744
17460
17786
17619
17602
17324
17802
17688
17674
17369
17743
17481
17588
17748
17520
17853
17580
17746
17655
17623
17391
17483
17472
17550
17591
17605
17707
17400
17632
17669
17654
17643
17667
17780
17587
17585
17739
17806
17373
17564
17752
17571
17752
17545
17362
17534
17725
17553
17778
17661
17493
17370
17455
17572
17655
17517
17736
17576
17579
17742
17401
17553
17579
17509
17657
17422
17294
17412
17434
17417
17603
17441
17569
17726
17505
17615
17461
17638
17393
17593
17636
17706
17669
17695
17485
17597
17577
17634
17748
17496
17856
17643
17639
17475
17672
17623
17541
17764
17521
17848
17596
17492
17427
17679
17769
17463
17564
17754
17757
17610
17653
17443
17691
17476
17738
17669
17669
17705
17860
17679
17593
17553
17514
17843
17391
17590
17362
17625
17551
17644
17486
17540
17574
17800
17764
17608
17586
17597
17562
17418
17731
17607
17545
17486
17471
17556
17722
17694
17657
17637
17663
17666
17384
17555
17867
17578
17578
17628
17465
17639
17472
17420
17599
17553
17665
17668
17574
17613
17509
17530
17375
17695
17491
17490
17549
17647
17756
17425
17477
17560
17399
17641
17595
17597
17502
17725
17764
17710
17392
17540
17644
17609
17638
17742
17432
17655
17439
17881
17655
17732
17675
17669
17748
17808
17895
17409
17787
17608
17669
17448
17653
17703
17533
17522
17794
17671
17623
17573
17699
17704
17503
17495
17866
17528
17229
17378
17523
17587
17445
17717
17581
17746
17558
17569
17564
17583
17542
17511
17669
17649
17555
17565
17648
17635
17855
17556
17270
17726
17806
17970
17976
18065
17897
17799
17829
18015
17908
17744
18023
17917
17808
17789
17862
17973
17976
17803
17921
17967
18022
18143
17972
17689
18115
17862
17933
18012
17836
17955
17840
17961
18070
17864
17924
18084
17707
18050
18111
17750
17935
17899
18079
17704
17924
17831
18035
17711
18184
17786
17812
17821
18036
17912
17730
17640
17687
18122
18129
17720
17870
18067
17914
18081
17642
17948
18050
18161
17725
17891
17778
17903
17899
17786
17800
17800
17577
18086
17950
18061
18038
18248
17882
17910
17901
17811
17902
18000
18167
17749
17993
17458
17897
17994
18024
17863
17934
17768
17870
