0.000 2.90
0.067 3.18
0.133 2.94
0.200 3.07
0.267 2.87
0.333 3.44
0.400 2.84
0.467 2.94
0.533 2.84
0.600 3.06
0.667 2.85
0.733 3.02
0.800 3.24
0.867 3.38
0.933 3.43
1.000 3.37
1.067 2.83
1.133 2.92
1.200 3.35
1.267 3.44
1.333 2.67
1.400 2.88
1.467 3.13
1.533 2.63
1.600 2.91
1.667 2.90
1.733 3.42
1.800 3.10
1.867 3.05
1.933 3.49
2.000 3.11
2.067 3.35
2.133 3.44
2.200 3.09
2.267 3.56
2.333 3.10
2.400 3.52
2.467 3.02
2.533 3.20
2.600 3.18
2.667 3.16
2.733 3.38
2.800 3.55
2.867 2.99
2.933 2.69
3.000 3.15
3.067 3.24
3.133 3.12
3.200 3.21
3.267 2.92
3.333 2.75
3.400 3.32
3.467 3.19
3.533 3.43
3.600 3.63
3.667 3.38
3.733 2.99
3.800 2.73
3.867 2.87
3.933 2.69
4.000 2.87
4.067 2.84
4.133 3.38
4.200 2.42
4.267 2.94
4.333 3.31
4.400 2.92
4.467 3.17
4.533 3.01
4.600 2.97
4.667 3.15
4.733 3.02
4.800 3.11
4.867 3.03
4.933 2.93
5.000 3.03
5.067 3.08
5.133 3.57
5.200 3.42
5.267 3.09
5.333 3.25
5.400 3.02
5.467 3.47
5.533 3.00
5.600 3.05
5.667 3.28
5.733 2.95
5.800 2.95
5.867 3.12
5.933 2.92
6.000 3.67
6.067 2.94
6.133 3.36
6.200 2.84
6.267 2.99
6.333 3.30
6.400 2.90
6.467 3.00
6.533 3.70
6.600 3.21
6.667 2.85
6.733 3.56
6.800 3.30
6.867 3.20
6.933 3.16
7.000 2.70
7.067 3.16
7.133 3.09
7.200 3.27
7.267 2.93
7.333 2.88
7.400 3.16
7.467 3.49
7.533 3.04
7.600 3.04
7.667 2.99
7.733 3.33
7.800 3.14
7.867 3.01
7.933 3.01
8.000 3.00
8.067 3.32
8.133 3.20
8.200 2.98
8.267 2.99
8.333 3.41
8.400 3.21
8.467 3.05
8.533 3.41
8.600 2.76
8.667 3.02
8.733 3.04
8.800 3.24
8.867 3.58
8.933 3.21
9.000 3.11
9.067 3.40
9.133 3.18
9.200 3.25
9.267 3.16
9.333 2.83
9.400 2.84
9.467 2.72
9.533 3.35
9.600 3.40
9.667 2.91
9.733 2.83
9.800 3.03
9.867 3.14
9.933 3.10
10.000 3.25
10.067 2.93
10.133 3.25
10.200 3.24
10.267 3.10
10.333 3.38
10.400 3.54
10.467 3.04
10.533 3.30
10.600 3.00
10.667 2.99
10.733 3.44
10.800 3.40
10.867 3.30
10.933 2.90
11.000 2.85
11.067 3.57
11.133 3.08
11.200 2.72
11.267 3.21
11.333 2.64
11.400 3.27
11.467 2.89
11.533 2.24
11.600 3.28
11.667 3.26
11.733 2.86
11.800 3.15
11.867 3.39
11.933 3.54
12.000 2.74
12.067 3.34
12.133 3.12
12.200 3.07
12.267 3.35
12.333 2.97
12.400 2.92
12.467 3.34
12.533 3.15
12.600 2.74
12.667 3.13
12.733 2.81
12.800 3.25
12.867 3.04
12.933 3.11
13.000 3.05
13.067 3.58
13.133 3.20
13.200 3.19
13.267 3.06
13.333 3.50
13.400 3.12
13.467 2.95
13.533 3.49
13.600 3.31
13.667 2.52
13.733 3.44
13.800 2.80
13.867 2.91
13.933 2.84
14.000 3.07
14.067 3.41
14.133 3.02
14.200 2.93
14.267 3.33
14.333 3.33
14.400 2.93
14.467 3.08
14.533 3.52
14.600 3.19
14.667 3.54
14.733 3.07
14.800 3.01
14.867 3.83
14.933 3.22
15.000 3.43
15.067 2.69
15.133 3.60
15.200 2.57
15.267 3.04
15.333 3.28
15.400 3.09
15.467 2.74
15.533 2.96
15.600 3.39
15.667 2.87
15.733 2.93
15.800 2.55
15.867 3.26
15.933 3.17
16.000 3.09
16.067 3.30
16.133 3.45
16.200 2.73
16.267 3.79
16.333 3.37
16.400 3.15
16.467 3.15
16.533 3.35
16.600 3.09
16.667 3.65
16.733 2.96
16.800 3.25
16.867 3.24
16.933 3.84
17.000 3.21
17.067 3.50
17.133 3.46
17.200 2.89
17.267 2.81
17.333 2.66
17.400 3.08
17.467 3.06
17.533 2.73
17.600 3.49
17.667 3.20
17.733 3.24
17.800 3.01
17.867 3.26
17.933 3.24
18.000 3.31
18.067 2.89
18.133 2.98
18.200 3.11
18.267 2.68
18.333 3.24
18.400 3.55
18.467 2.96
18.533 3.10
18.600 3.39
18.667 3.49
18.733 2.98
18.800 3.40
18.867 3.25
18.933 3.26
19.000 3.26
19.067 3.21
19.133 3.12
19.200 3.01
19.267 3.29
19.333 3.18
19.400 3.04
19.467 3.30
19.533 3.21
19.600 2.98
19.667 2.85
19.733 3.50
19.800 3.51
19.867 3.42
19.933 3.24
20.000 3.23
20.067 3.19
20.133 3.41
20.200 3.27
20.267 3.55
20.333 3.31
20.400 2.93
20.467 3.48
20.533 3.50
20.600 2.93
20.667 3.34
20.733 3.11
20.800 2.96
20.867 2.92
20.933 3.04
21.000 3.34
21.067 2.98
21.133 2.92
21.200 2.98
21.267 2.89
21.333 2.87
21.400 3.51
21.467 3.22
21.533 3.31
21.600 2.91
21.667 3.16
21.733 2.96
21.800 3.03
21.867 2.61
21.933 3.36
22.000 3.18
22.067 3.60
22.133 3.01
22.200 3.07
22.267 3.41
22.333 3.51
22.400 3.12
22.467 3.40
22.533 2.86
22.600 2.62
22.667 2.86
22.733 3.12
22.800 3.00
22.867 3.54
22.933 3.00
23.000 3.45
23.067 3.25
23.133 2.79
23.200 2.73
23.267 3.09
23.333 3.08
23.400 3.12
23.467 2.99
23.533 3.30
23.600 3.48
23.667 3.07
23.733 2.94
23.800 3.30
23.867 2.65
23.933 3.00
24.000 3.36
24.067 3.53
24.133 2.69
24.200 3.14
24.267 2.77
24.333 3.19
24.400 2.89
24.467 2.88
24.533 3.61
24.600 3.18
24.667 2.93
24.733 3.15
24.800 3.36
24.867 2.97
24.933 3.40
25.000 3.04
25.067 3.12
25.133 2.79
25.200 2.94
25.267 3.21
25.333 3.48
25.400 3.54
25.467 3.04
25.533 3.47
25.600 3.23
25.667 2.99
25.733 3.11
25.800 2.91
25.867 2.74
25.933 3.03
26.000 3.16
26.067 3.28
26.133 3.06
26.200 3.84
26.267 3.52
26.333 3.23
26.400 3.17
26.467 2.91
26.533 3.15
26.600 3.16
26.667 2.73
26.733 3.05
26.800 2.52
26.867 3.43
26.933 3.50
27.000 3.64
27.067 3.17
27.133 3.12
27.200 3.52
27.267 3.10
27.333 2.86
27.400 3.34
27.467 3.02
27.533 3.03
27.600 3.21
27.667 2.91
27.733 3.10
27.800 3.13
27.867 3.31
27.933 2.96
28.000 3.15
28.067 3.37
28.133 3.18
28.200 3.24
28.267 3.19
28.333 3.17
28.400 3.04
28.467 3.49
28.533 3.10
28.600 3.39
28.667 3.14
28.733 3.39
28.800 3.33
28.867 2.86
28.933 3.42
29.000 3.42
29.067 3.10
29.133 3.13
29.200 3.34
29.267 3.23
29.333 3.25
29.400 3.57
29.467 3.27
29.533 3.17
29.600 3.22
29.667 3.26
29.733 2.97
29.800 3.21
29.867 3.23
29.933 3.07
30.000 2.97
30.067 3.41
30.133 3.22
30.200 3.44
30.267 2.98
30.333 2.85
30.400 3.45
30.467 3.20
30.533 3.09
30.600 3.18
30.667 3.09
30.733 3.01
30.800 3.33
30.867 3.27
30.933 3.34
31.000 3.27
31.067 2.77
31.133 3.28
31.200 3.11
31.267 3.17
31.333 3.11
31.400 3.11
31.467 3.06
31.533 3.42
31.600 3.11
31.667 3.10
31.733 2.58
31.800 3.28
31.867 3.21
31.933 3.28
32.000 3.22
32.067 3.27
32.133 3.12
32.200 3.34
32.267 2.57
32.333 2.98
32.400 2.95
32.467 2.90
32.533 3.21
32.600 3.13
32.667 3.37
32.733 3.08
32.800 3.33
32.867 2.83
32.933 3.03
33.000 3.09
33.067 2.99
33.133 3.05
33.200 3.27
33.267 3.20
33.333 3.23
33.400 3.22
33.467 3.53
33.533 3.11
33.600 3.71
33.667 3.36
33.733 2.97
33.800 3.26
33.867 3.13
33.933 3.03
34.000 3.02
34.067 2.90
34.133 3.42
34.200 3.33
34.267 3.42
34.333 3.25
34.400 3.20
34.467 3.10
34.533 2.95
34.600 3.51
34.667 3.15
34.733 3.21
34.800 2.93
34.867 3.37
34.933 3.59
35.000 3.08
35.067 3.37
35.133 3.27
35.200 2.95
35.267 3.05
35.333 3.01
35.400 3.20
35.467 3.24
35.533 3.03
35.600 3.27
35.667 3.18
35.733 3.56
35.800 2.93
35.867 3.18
35.933 3.22
36.000 2.71
36.067 3.17
36.133 3.38
36.200 3.70
36.267 3.30
36.333 3.16
36.400 2.86
36.467 3.00
36.533 3.10
36.600 3.27
36.667 2.63
36.733 2.84
36.800 3.25
36.867 2.87
36.933 3.21
37.000 3.26
37.067 3.22
37.133 3.02
37.200 3.17
37.267 3.23
37.333 3.36
37.400 3.15
37.467 2.94
37.533 3.01
37.600 3.18
37.667 3.34
37.733 3.37
37.800 3.12
37.867 3.23
37.933 3.35
38.000 3.45
38.067 2.69
38.133 2.88
38.200 3.15
38.267 3.07
38.333 3.36
38.400 3.03
38.467 3.30
38.533 2.94
38.600 3.07
38.667 3.24
38.733 3.25
38.800 2.81
38.867 3.25
38.933 3.29
39.000 2.96
39.067 3.10
39.133 3.02
39.200 2.76
39.267 3.06
39.333 2.94
39.400 3.27
39.467 2.90
39.533 2.70
39.600 2.85
39.667 3.10
39.733 3.29
39.800 3.27
39.867 3.00
39.933 3.44
40.000 3.26
40.067 3.21
40.133 3.29
40.200 3.21
40.267 3.38
40.333 3.50
40.400 3.32
40.467 3.06
40.533 3.07
40.600 2.94
40.667 3.01
40.733 3.23
40.800 3.27
40.867 2.87
40.933 2.93
41.000 2.78
41.067 3.08
41.133 3.16
41.200 3.24
41.267 3.10
41.333 2.87
41.400 2.48
41.467 3.27
41.533 3.22
41.600 3.60
41.667 3.10
41.733 3.18
41.800 3.16
41.867 3.33
41.933 3.34
42.000 2.91
42.067 2.59
42.133 3.77
42.200 3.05
42.267 3.46
42.333 3.17
42.400 3.06
42.467 3.18
42.533 3.01
42.600 3.12
42.667 2.64
42.733 3.27
42.800 3.16
42.867 3.41
42.933 2.81
43.000 2.96
43.067 3.61
43.133 3.57
43.200 3.26
43.267 3.24
43.333 2.75
43.400 2.90
43.467 2.63
43.533 3.42
43.600 2.87
43.667 3.28
43.733 2.55
43.800 2.94
43.867 3.27
43.933 2.70
44.000 3.22
44.067 3.15
44.133 3.27
44.200 3.45
44.267 3.41
44.333 3.15
44.400 2.89
44.467 3.03
44.533 3.21
44.600 3.11
44.667 3.24
44.733 3.29
44.800 3.20
44.867 3.29
44.933 3.38
45.000 3.13
45.067 3.00
45.133 3.18
45.200 3.23
45.267 3.27
45.333 3.19
45.400 2.88
45.467 3.08
45.533 3.27
45.600 3.30
45.667 2.94
45.733 2.77
45.800 3.47
45.867 3.03
45.933 2.84
46.000 2.88
46.067 3.26
46.133 2.89
46.200 3.17
46.267 3.40
46.333 3.37
46.400 2.89
46.467 2.86
46.533 3.15
46.600 2.70
